signalM120		100113		1.632			0
signalM150		100274		1.251			0
signalM200		100112		0.8441			0
signalM300		100067		0.4408			0
signalM400		100077		0.2543			0
Zvv_50to100		3940980		381.2			0
Zvv_100to200		4416646		160.3 			0
Zvv_200to400		5055885		41.49			0
Zvv_400toinf		1006928		5.274			0
WJets			18393090	37509.0			0
W1Jets			23141598	6662.78			0
W2Jets			34044921	2159.24			0
W3Jets			15539503	640.37			0
W4Jets			13382803	264.0			0
QCD_Pt5to15		1489184		4.2639499E10		0
QCD_Pt15to30		9956432		9.8828742E8		0
QCD_Pt30to50		6000000		6.6285328E7		0
QCD_Pt50to80		5998860		8148778.0		0
QCD_Pt80to120		5994864		1033680.0		0
QCD_Pt120to170		5985732		156293.3		0
QCD_Pt170to300		5814398		34138.15		0
QCD_Pt300to470		5978500		1759.549		0
QCD_Pt470to600		3994848		113.8791		0
QCD_Pt600to800		3996864		26.9921			0
QCD_Pt800to1000		3998563		3.550036		0
QCD_Pt1000to1400	1964088		0.737844		0
QCD_Pt1400to1800	2000062		0.03352235		0
QCD_Pt1800		977586		0.001829005		0
TTbar			6783750		234.0			0
SingleT_t		3658227		56.4			0
SingleTbar_t		1885072		30.7			0
SingleT_s		259961		3.79			0
SingleTbar_s		139974		1.76			0
SingleT_tW		472658		11.1			0
SingleTbar_tW		493460		11.1			0
WW			9750431		54.838			0
WZ			9600283		33.21			0
ZZ			9749908		17.654			0
DYJetsToLL		30234503	3503.71			0
DYJetsToLL_PtZ-100	2662137		40.5			0
DYJetsToLL_EWK		510501		0.45			0
METABCD			0		0			1