SignalM120_PYTHIA		100118		1.649			0
SignalM150_PYTHIA		100280		1.280			0
SignalM200_PYTHIA		100118		0.8685			0
SignalM300_PYTHIA		100076		0.4408			0
SignalM400_PYTHIA		100083		0.2543			0
SignalM110_POWHEG		99885		1.809			0
SignalM125_POWHEG		99885		1.578			0
SignalM150_POWHEG		99874		1.280			0
SignalM200_POWHEG		49922		0.8685			0
SignalM300_POWHEG		49945		0.4408			0
SignalM400_POWHEG		49964		0.2543			0
GluGluM110			199981		25.04			0
GluGluM125			199981		19.52			0
GluGluM150			199976		13.65			0
GluGluM200			199984		7.127			0
GluGluM300			199988		3.606			0
GluGluM400			199984		2.924			0
Zvv_50to100			3940980		381.2			0
Zvv_100to200			4016646		160.3 			0
Zvv_200to400			5055885		41.49			0
Zvv_400toinf			1006928		5.274			0
WJets				76102995	37509.0			0
W1Jets				23091598	6662.78			0
W2Jets				34044921	2159.24			0
W3Jets				15539503	640.37			0
W4Jets				13382803	264.0			0
QCD_Pt5to15			1489184		4.2639499E10		0
QCD_Pt15to30			9987968		9.8828742E8		0
QCD_Pt30to50			6000000		6.6285328E7		0
QCD_Pt50to80			5998860		8148778.0		0
QCD_Pt80to120			5994864		1033680.0		0
QCD_Pt120to170			5985732		156293.3		0
QCD_Pt170to300			5814398		34138.15		0
QCD_Pt300to470			5978500		1759.549		0
QCD_Pt470to600			3994848		113.8791		0
QCD_Pt600to800			3996864		26.9921			0
QCD_Pt800to1000			3998563		3.550036		0
QCD_Pt1000to1400		1964088		0.737844		0
QCD_Pt1400to1800		2000062		0.03352235		0
QCD_Pt1800			977586		0.001829005		0
TTbar				6743750		234.0			0
SingleT_t			3758227		56.4			0
SingleTbar_t			1935072		30.7			0
SingleT_s			234961		3.79			0
SingleTbar_s			139974		1.76			0
SingleT_tW			472658		11.1			0
SingleTbar_tW			493460		11.1			0
WW				10000431	54.838			0
WZ				10000283	33.21			0
ZZ				9799908		17.654			0
DYJetsToLL			30279503	3503.71			0
DYJetsToLL_PtZ-100		2622137		40.5			0
DYJetsToLL_EWK			510501		0.45			0
METABCD				0		0			1
