WJets			18393090	36257.2			0
W1Jets			23141598	6381.2			0
W2Jets			34044921	2039.			0
W3Jets			15539503	612.5			0
W4Jets			13382803	251.0			0
QCD_Pt5to15		1489184		4.2639499E10		0
QCD_Pt15to30		9956432		9.8828742E8		0
QCD_Pt30to50		6000000		6.6285328E7		0
QCD_Pt50to80		5998860		8148778.0		0
QCD_Pt80to120		5994864		1033680.0		0
QCD_Pt120to170		5985732		156293.3		0
QCD_Pt170to300		5814398		34138.15		0
QCD_Pt300to470		5978500		1759.549		0
QCD_Pt470to600		3994848		113.8791		0
QCD_Pt600to800		3996864		26.9921			0
QCD_Pt800to1000		3998563		3.550036		0
QCD_Pt1000to1400	1964088		0.737844		0
QCD_Pt1400to1800	2000062		0.03352235		0
QCD_Pt1800		977586		0.001829005		0
TTbar			6783750		136.3			0
SingleT_t		3658227		47.0			0
SingleTbar_t		1885072		25.0			0
SingleT_s		259961		2.341			0
SingleTbar_s		139974		1.57			0
SingleT_tW		472658		10.7			0
SingleTbar_tW		493460		10.7			0
WW			9750431		33.61			0
WZ			9600283		12.63			0
ZZ			9749908		5.196			0
DYJetsToLL		30234503	2950.0			0
DYJetsToLL_EWK		510501		0.45			0
METABCD			0		0			1